4.305361 -0.918301
2.192193 0.813066
0.000719 0.000719
4.713296 -1.000000
5.935064 -0.341133
4.313413 -0.921459
3.634129 -0.472862
5.676242 -0.570360
1.489284 0.996680
0.172081 0.171233
5.031227 -0.949600
5.629019 -0.608498
6.213197 -0.069931
3.385485 -0.241482
0.335287 0.329040
4.959188 -0.969699
4.170745 -0.856862
3.235144 -0.093415
1.668479 0.995233
4.561580 -0.988650
3.088645 0.052923
1.982443 0.916463
6.083767 -0.198099
2.601590 0.514138
0.648588 0.604062
4.212672 -0.877718
4.525932 -0.982667
4.700863 -0.999934
2.492964 0.604094
4.168526 -0.855716
4.718310 -0.999982
2.622003 0.496524
3.918648 -0.701183
0.534349 0.509281
5.676101 -0.570475
1.808146 0.971965
2.498677 0.599531
1.844832 0.962687
0.921923 0.796765
3.607287 -0.449044
1.899612 0.946426
0.922094 0.796869
6.018597 -0.261512
4.349991 -0.935049
1.969302 0.921642
5.965817 -0.312067
2.171222 0.825095
0.642986 0.599588
1.762082 0.981761
0.000000 0.000000
2.645897 0.475643
5.620979 -0.614858
0.114909 0.114656
3.349976 -0.206879
0.121686 0.121386
3.702716 -0.532138
6.062269 -0.219124
1.696007 0.992171
0.875099 0.767607
1.244708 0.947303
2.633877 0.486182
5.244108 -0.861937
4.396711 -0.950586
5.072989 -0.935685
2.689776 0.436600
2.826881 0.309542
2.564399 0.545674
5.517532 -0.693008
2.185077 0.817188
4.347192 -0.934053
5.708874 -0.543257
4.363045 -0.939597
4.265249 -0.901688
0.580181 0.548175
1.284611 0.959328
6.283185 -0.000000
3.685434 -0.517427
5.549976 -0.669258
4.717492 -0.999987
0.313867 0.308739
2.620227 0.498065
5.827708 -0.439891
0.816994 0.729092
1.329699 0.971076
5.506515 -0.700908
1.067076 0.875793
3.604535 -0.446582
3.906229 -0.692275
3.510352 -0.360458
0.617931 0.579350
5.517375 -0.693122
3.367136 -0.223636
0.720970 0.660114
1.170307 0.920870
2.814198 0.321577
1.038951 0.861873
2.602365 0.513473
0.882077 0.772061
0.245388 0.242933
0.863779 0.760303
