47.000000 380.000000
222.000000 134.000000
414.000000 47.000000
546.000000 84.000000
509.000000 99.000000
490.000000 59.000000
510.000000 235.000000
38.000000 319.000000
429.000000 71.000000
318.000000 365.000000
356.000000 355.000000
195.000000 149.000000
145.000000 168.000000
127.000000 155.000000
119.000000 147.000000
447.000000 299.000000
104.000000 368.000000
520.000000 219.000000
530.000000 191.000000
554.000000 97.000000
404.000000 89.000000
288.000000 365.000000
278.000000 369.000000
120.000000 261.000000
154.000000 192.000000
277.000000 110.000000
152.000000 209.000000
488.000000 36.000000
96.000000 375.000000
470.000000 24.000000
71.000000 296.000000
240.000000 363.000000
306.000000 101.000000
528.000000 94.000000
268.000000 370.000000
374.000000 89.000000
135.000000 342.000000
172.000000 355.000000
337.000000 360.000000
119.000000 355.000000
384.000000 89.000000
550.000000 107.000000
113.000000 363.000000
19.000000 328.000000
422.000000 79.000000
525.000000 210.000000
239.000000 122.000000
79.000000 289.000000
210.000000 355.000000
204.000000 144.000000
530.000000 201.000000
434.000000 14.000000
440.000000 307.000000
461.000000 19.000000
95.000000 276.000000
493.000000 74.000000
500.000000 94.000000
76.000000 375.000000
347.000000 360.000000
29.000000 324.000000
497.000000 250.000000
489.000000 257.000000
141.000000 114.000000
127.000000 349.000000
134.000000 246.000000
37.000000 380.000000
425.000000 322.000000
56.000000 309.000000
455.000000 292.000000
412.000000 335.000000
19.000000 357.000000
316.000000 99.000000
413.000000 84.000000
180.000000 119.000000
151.000000 114.000000
452.000000 14.000000
345.000000 94.000000
230.000000 127.000000
66.000000 375.000000
149.000000 219.000000
88.000000 284.000000
135.000000 163.000000
485.000000 267.000000
518.000000 94.000000
537.000000 89.000000
162.000000 355.000000
485.000000 80.000000
161.000000 114.000000
19.000000 367.000000
402.000000 335.000000
542.000000 114.000000
540.000000 152.000000
296.000000 104.000000
475.000000 270.000000
365.000000 350.000000
111.000000 266.000000
47.000000 314.000000
220.000000 358.000000
122.000000 115.000000
128.000000 254.000000
308.000000 365.000000
14.000000 337.000000
326.000000 99.000000
518.000000 229.000000
171.000000 114.000000
495.000000 50.000000
188.000000 126.000000
422.000000 55.000000
540.000000 124.000000
213.000000 139.000000
480.000000 29.000000
540.000000 142.000000
393.000000 340.000000
57.000000 380.000000
182.000000 355.000000
425.000000 19.000000
535.000000 172.000000
267.000000 109.000000
432.000000 314.000000
327.000000 360.000000
556.000000 84.000000
383.000000 340.000000
86.000000 375.000000
61.000000 300.000000
443.000000 19.000000
29.000000 372.000000
505.000000 244.000000
119.000000 137.000000
469.000000 278.000000
365.000000 94.000000
145.000000 343.000000
415.000000 325.000000
394.000000 89.000000
539.000000 162.000000
355.000000 94.000000
335.000000 94.000000
460.000000 283.000000
374.000000 345.000000
131.000000 110.000000
139.000000 223.000000
287.000000 109.000000
417.000000 25.000000
248.000000 370.000000
105.000000 274.000000
535.000000 182.000000
547.000000 134.000000
201.000000 350.000000
258.000000 114.000000
153.000000 350.000000
298.000000 365.000000
193.000000 136.000000
191.000000 350.000000
230.000000 363.000000
249.000000 119.000000
258.000000 370.000000
490.000000 89.000000
