0.272538 0.432354
0.523944 0.504992
-1.670857 -0.994366
-1.588165 -0.974880
1.756989 1.057627
1.828791 0.826607
0.322211 0.405394
-1.744775 -1.052880
-0.190594 0.502550
-1.426079 -0.982423
0.363597 0.379317
-0.809148 -0.746400
-1.214625 -0.924753
-1.600652 -0.969085
0.300970 0.515265
-0.651856 -0.501806
1.348757 0.926523
0.180779 0.995221
-1.064329 -0.845195
-1.049874 -0.901359
0.201497 0.739483
0.326037 0.463378
0.322491 0.382545
1.896034 0.983363
-1.600843 -0.958463
0.819409 0.790213
-1.728343 -0.925174
0.545485 0.427371
-0.785829 -0.728678
-0.579627 -0.525880
-0.723645 -0.595884
0.301226 0.457862
-0.293197 -0.109672
1.388598 0.969758
0.556307 0.391795
-1.151216 -0.936187
0.038590 1.981836
-1.941741 -0.878450
1.054552 0.826661
0.742564 0.700205
0.371112 0.402184
1.323312 0.920870
1.659092 0.983847
-0.521622 -0.536535
0.397147 0.338382
0.395745 0.457618
0.215017 0.702406
1.177890 0.863205
1.091996 0.828177
-1.356280 -0.964427
-0.864976 -0.726831
-0.491330 -0.332494
-1.933443 -0.926330
1.204323 0.926378
1.469736 1.044595
-1.609958 -1.002127
0.442053 0.407553
0.238196 0.660385
-1.827490 -1.003933
0.653356 0.563960
0.595361 0.517360
-1.486870 -1.057916
-0.108898 1.241918
0.757364 0.658839
0.953038 0.792053
0.337836 0.443239
0.978377 0.840296
0.522109 0.563827
0.112856 1.320323
-0.896307 -0.824249
0.367603 0.413521
0.369160 0.458689
-1.045495 -0.827328
-1.749971 -0.969741
-1.310311 -0.864710
1.587051 1.055752
1.929087 0.903750
1.259239 0.963437
-0.176607 0.619591
-1.107731 -0.987395
-0.088481 1.512866
-1.236269 -0.910818
-0.696581 -0.675293
1.175541 0.940564
-0.856507 -0.700870
-0.380818 -0.367734
1.415865 0.939324
0.121462 1.441078
1.877286 1.063540
1.716301 0.992787
1.737704 0.978038
1.766993 0.912136
1.180718 0.919836
-1.924369 -0.861606
1.250470 1.047215
-1.885263 -1.002029
-0.636617 -0.566687
-1.417337 -0.945049
-0.384374 -0.381690
-1.298229 -0.985683
-0.273107 -0.036089
1.355556 0.920097
1.707396 1.048946
-1.623464 -0.910584
0.869689 0.748064
-1.507333 -0.915587
0.859626 0.791838
-0.219635 0.275549
-0.539916 -0.545187
-1.369833 -0.968079
0.552192 0.484980
1.014804 0.864336
1.256052 0.907575
1.858382 0.915670
-0.120233 1.213931
-0.717609 -0.632936
1.353224 0.957086
-1.820522 -0.800398
-1.693289 -0.936332
1.236763 0.959988
1.664428 0.992245
-1.684693 -1.027492
-0.907406 -0.850143
0.128381 1.302088
-1.141184 -0.930709
0.181690 0.828816
1.941424 0.964805
0.527024 0.531444
-1.496627 -1.060628
-1.677729 -1.001198
1.547624 1.088722
-1.409901 -1.064155
1.433260 0.997307
-1.493977 -0.984916
0.801813 0.774344
0.371002 0.399926
1.479145 1.018853
1.492669 1.031439
0.822913 0.765987
-0.375280 -0.405248
-1.075749 -0.887542
-1.340765 -0.836841
-0.296841 -0.133476
0.187132 0.880469
-0.547667 -0.689569
0.427374 0.460858
-0.612171 -0.503615
-1.407334 -0.957589
-1.201458 -0.840133
-1.790611 -1.061309
-1.851394 -0.904659
-1.614144 -1.011578
0.225728 0.521483
-1.695201 -1.059280
0.728198 0.760751
-0.106459 1.324799
-0.241978 0.064328
-0.793490 -0.753019
-1.395440 -0.860107
0.199604 0.797127
-0.231377 0.220895
0.666794 0.654252
0.833377 0.823453
0.098583 1.509695
1.278211 0.928864
-0.085851 1.601085
-1.172009 -0.941567
-1.490404 -1.037465
1.566718 0.883750
-0.037630 1.953929
-1.754674 -0.876269
-1.460103 -0.961057
0.977825 0.778020
-1.531695 -1.020077
-0.703340 -0.615761
-0.795336 -0.647275
-0.896595 -0.746042
-1.566933 -1.003690
-0.467916 -0.457703
-1.422077 -1.127281
-0.033045 1.915060
1.226137 0.923387
0.858487 0.789365
-1.178313 -0.935334
0.779538 0.798880
0.016757 2.006729
-1.617105 -1.009003
-1.208981 -0.926443
-1.877730 -0.899317
0.970714 0.804926
-0.377328 -0.334260
-0.278839 -0.061095
2.000000 0.909297
0.335012 0.362631
-0.959177 -0.777462
0.754018 0.650808
-0.702236 -0.670790
-0.039660 1.943886
-0.322849 -0.170996
1.103088 0.826973
0.806134 0.608213
1.464088 0.999837
0.551990 0.469059
-0.538435 -0.479111
-1.470151 -1.026406
1.582908 0.920218
-1.141881 -0.882012
-1.182796 -0.996283
-0.775501 -0.601919
1.154894 0.845125
-0.637768 -0.625106
-1.850985 -0.903788
1.035250 0.931009
-0.222715 0.303589
-1.191217 -0.827646
-1.091343 -0.894355
-1.293329 -0.987695
-1.658558 -1.025131
-1.270180 -0.860315
-1.894677 -0.907904
-1.819945 -0.958572
-1.833842 -1.102481
1.292861 0.946773
-2.000000 -0.909297
0.611532 0.514029
-1.348164 -0.948293
0.019046 2.029400
1.044312 0.854576
1.777535 0.885263
1.343343 0.935035
1.256289 1.012264
-1.550282 -1.018678
0.353177 0.254922
-0.015624 2.025021
1.385795 0.942207
-1.698366 -0.834337
-1.032040 -0.915572
0.204377 0.816703
1.546302 0.986449
-0.883753 -0.754303
-0.826715 -0.861226
-0.220571 0.149182
-0.545393 -0.466761
-0.687119 -0.613688
1.472774 0.995765
1.666268 0.984210
-1.050779 -0.882403
-0.013950 2.026527
1.281993 0.942285
1.674112 0.983848
0.585373 0.622587
0.744817 0.639329
-1.683996 -1.023921
-0.905668 -0.855295
1.428523 0.984306
1.770638 0.924727
1.355264 0.881110
1.083695 0.861464
0.387841 0.350048
-0.771110 -0.521152
1.145645 0.868428
0.722782 0.756321
-0.328489 -0.217708
1.742796 0.937634
-0.331448 -0.272798
-1.372419 -1.041211
1.076723 0.918361
-1.649142 -1.052227
-0.351657 -0.205265
1.641921 1.076137
1.944845 0.964269
-0.992668 -0.829824
-0.176153 0.614522
-0.938596 -0.714656
-0.017946 1.966956
-1.678730 -0.910359
-1.267049 -1.055305
0.348913 0.437998
-0.531115 -0.466018
-1.302837 -0.911263
-0.807040 -0.780913
-1.502797 -1.053415
1.672798 1.019724
-1.488329 -1.110624
-1.920651 -0.910975
-1.743723 -0.955240
-1.377771 -0.941416
1.349651 1.170821
1.141169 0.905785
-0.382662 -0.297955
-1.753476 -0.944203
0.169516 1.051666
1.027569 0.903622
-1.630731 -0.965055
1.692366 1.017186
1.794911 1.004866
1.116436 1.052788
-1.663256 -1.026906
1.689537 0.918693
0.704264 0.655819
-1.737210 -1.000839
-1.721406 -1.004704
-1.608588 -1.010288
1.043824 0.992467
0.302455 0.375733
-0.281293 -0.200278
1.859172 0.996100
-1.678292 -1.045943
0.268526 0.512647
-0.750024 -0.632074
-0.462113 -0.475435
0.936852 0.762940
0.215137 0.609904
-1.799862 -0.862546
-0.206795 0.399880
0.321687 0.597713
-0.592287 -0.604813
-1.092382 -0.866355
-1.774914 -1.001300
-0.704142 -0.689468
-0.546727 -0.470008
-1.114735 -0.825096
0.235641 0.669100
-1.236909 -0.962241
-0.524585 -0.443829
1.482919 1.043129
1.320728 0.900961
1.611588 1.024086
-0.318309 -0.184341
-0.468006 -0.491459
-1.628509 -1.039896
1.582886 1.068179
1.942620 0.876014
0.768924 0.730244
0.759393 0.631903
-0.714402 -0.724963
-1.402200 -0.904544
-1.245818 -0.819507
0.050450 1.865870
-1.215492 -0.893647
0.851834 0.804669
-0.804694 -0.750765
1.333666 0.969860
-1.646530 -0.905993
-0.754883 -0.623706
0.379011 0.333149
-0.628912 -0.623763
-0.593260 -0.572312
0.705001 0.644165
-0.706609 -0.691925
1.113828 0.761048
-1.354271 -1.069793
-0.411148 -0.428814
-1.147376 -0.893168
0.673018 0.540598
0.521788 0.512072
0.753675 0.642765
-1.614423 -0.953461
-1.409248 -0.905561
-0.632700 -0.577069
-1.070853 -0.898869
-1.037797 -0.869037
-0.578862 -0.521164
-1.003460 -0.743685
0.519012 0.513058
1.105558 0.892798
-1.893783 -1.020575
-0.033402 1.864501
-1.404244 -1.001529
-0.536971 -0.562610
-0.260742 0.058792
-1.628016 -1.061964
0.249457 0.563516
0.944703 0.735258
0.727854 0.623549
-1.717054 -1.029960
1.866405 0.876925
-1.813976 -1.008422
1.379299 0.909942
0.436260 0.374264
-1.526618 -1.016908
-0.590447 -0.553295
-1.515657 -0.968799
-0.078694 1.718801
1.911069 1.009681
-1.033911 -0.809455
1.359244 0.949737
-1.951728 -0.954258
-1.650921 -1.138931
-0.079343 1.554597
-0.160331 0.810067
1.553106 1.032152
-0.098392 1.398835
0.436382 0.351422
0.769370 0.702415
0.359205 0.344655
-0.705128 -0.694792
-1.026828 -0.828049
1.490203 0.995033
0.252059 0.504822
-0.648826 -0.571851
-1.527181 -0.917547
0.598253 0.607712
-0.241930 0.062543
1.785442 0.907819
-1.480678 -1.027544
-0.272849 -0.170963
-1.058546 -0.938963
1.197410 0.969282
-0.057069 1.793338
0.176169 1.092885
-1.105609 -0.852752
-0.843187 -0.764905
-1.489651 -0.998030
1.388962 0.895088
-0.989739 -0.885634
0.706471 0.643438
0.919479 0.818832
0.061562 1.918022
-1.173387 -0.920009
-0.626755 -0.547194
-0.068583 1.616442
1.856368 1.000344
-1.348821 -1.042103
-0.995948 -0.885117
0.087850 1.621874
0.995544 0.883622
-0.356401 -0.244926
0.763727 0.670099
-1.771563 -1.093091
-0.623489 -0.578183
-1.607727 -0.922336
-1.838331 -1.096732
0.220566 0.713112
0.797548 0.733904
-1.299233 -0.995661
0.473810 0.329082
0.308242 0.403258
-1.760528 -0.936766
-1.526329 -1.003816
-1.682725 -1.045728
0.068205 1.847845
-1.945141 -1.062609
1.577547 0.953523
-1.662836 -1.010742
1.087978 0.770125
0.973798 0.799104
1.852169 0.914260
-1.745790 -0.949075
-1.206729 -0.903883
1.329442 0.964731
-1.240710 -0.946737
1.640750 1.151509
-0.478675 -0.486740
-0.074566 1.593581
-0.537287 -0.529443
0.348404 0.347711
0.950825 0.921259
-1.988657 -0.918078
0.327879 0.363530
-1.797909 -0.964703
0.348800 0.315939
0.351339 0.438621
-1.922247 -0.967013
1.917926 0.997525
-1.070479 -0.780072
-1.485431 -0.983455
0.668052 0.651642
-0.255316 0.025706
-0.487249 -0.390008
-1.573960 -0.991418
-1.660994 -0.861315
1.041131 0.788704
1.146685 0.866712
-0.986865 -0.864330
-0.171861 0.720070
1.030011 0.765043
1.661064 0.964262
1.061065 0.846244
0.713944 0.675097
-0.146659 0.953871
0.021673 2.009630
-0.749803 -0.753778
0.070643 1.760281
0.985231 0.847638
-0.276020 -0.137301
-1.540497 -0.959878
1.582412 1.059115
-1.148726 -0.853875
-1.053910 -0.945671
1.464733 0.911178
0.470528 0.519533
-1.138269 -0.958769
-0.567823 -0.533976
1.025385 0.739022
-0.135399 0.975896
-1.536173 -1.065093
1.034501 0.942990
-0.279417 -0.039228
-1.712710 -1.030244
